[  3.28196941e+01   1.75536511e+01   7.32137912e+00   4.64602078e+00
   3.07152319e+00   2.01499641e+00   1.51923048e+00   1.34840331e+00
   9.86773294e-01   8.78541768e-01   7.79510858e-01   5.29187760e-01
   4.68093353e-01   3.86572304e-01   3.61222308e-01   3.24724471e-01
   2.95319561e-01   2.64693452e-01   2.26295063e-01   2.14538620e-01
   1.93849410e-01   1.75766827e-01   1.62934601e-01   1.45233414e-01
   1.38243550e-01   1.25207580e-01   1.10873398e-01   1.08775225e-01
   1.00665859e-01   9.13506446e-02   8.91552768e-02   8.22944677e-02
   7.65682590e-02   7.15245021e-02   6.95304107e-02   6.65232262e-02
   6.28845576e-02   6.20032965e-02   5.62296533e-02   5.34873081e-02
   5.21309546e-02   4.86742917e-02   4.71375768e-02   4.53022448e-02
   4.09558652e-02   3.94475861e-02   3.81501644e-02   3.64934205e-02
   3.53173612e-02   3.28796193e-02   3.13930509e-02   3.08212202e-02
   3.00249603e-02   2.85637356e-02   2.76820365e-02   2.70364159e-02
   2.54499066e-02   2.50562953e-02   2.33836643e-02   2.21245257e-02
   2.19648566e-02   2.08803267e-02   2.04009854e-02   1.94292078e-02
   1.85476372e-02   1.75626266e-02   1.67548179e-02   1.58205040e-02
   1.54024699e-02   1.48186180e-02   1.46413038e-02   1.40915171e-02
   1.34762139e-02   1.27968428e-02   1.24998621e-02   1.22411252e-02
   1.18699420e-02   1.13431408e-02   1.09816746e-02   1.08723068e-02
   1.04649147e-02   1.02029711e-02   1.00765048e-02   9.71476087e-03
   9.06913675e-03   8.85645026e-03   8.64237330e-03   8.54663905e-03
   8.27796287e-03   8.07775218e-03   7.78060566e-03   7.57756594e-03
   7.40029709e-03   7.07775245e-03   7.05833999e-03   6.79874986e-03
   6.68761015e-03   6.44752313e-03   6.22395242e-03   6.11973995e-03]